nucleus	site		Cq(mhz)	eta		v0		v-		v+
N	1		-6.1966	0.5272		-1.63342376	-3.83073812	-5.46416188	
N	3		-0.8211	0.50034		-0.205414587	-0.5131177065	-0.7185322935	
N	4		-6.0036	0.49588		-1.488532584	-3.758433708	-5.246966292	
N	6		-0.9349	0.48078		-0.224740611	-0.5888046945	-0.8135453055	
N	23		-0.9348	0.48086		-0.224753964	-0.588723018	-0.813476982	
N	25		-6.0036	0.49589		-1.488562602	-3.758418699	-5.246981301	
N	26		-0.8212	0.5002		-0.20538212	-0.51320894	-0.71859106	
N	28		-6.1967	0.52721		-1.6334811035	-3.83078444825	-5.46426555175	
N	37		-0.9349	0.48078		-0.224740611	-0.5888046945	-0.8135453055	
N	39		-6.0036	0.49588		-1.488532584	-3.758433708	-5.246966292	
N	40		-0.8211	0.50034		-0.205414587	-0.5131177065	-0.7185322935	
N	42		-6.1966	0.5272		-1.63342376	-3.83073812	-5.46416188	
N	51		-0.9348	0.48086		-0.224753964	-0.588723018	-0.813476982	
N	53		-6.0036	0.49589		-1.488562602	-3.758418699	-5.246981301	
N	54		-0.8212	0.5002		-0.20538212	-0.51320894	-0.71859106	
N	56		-6.1967	0.52721		-1.6334811035	-3.83078444825	-5.46426555175	
