nucleus	site		Cq(mhz)	eta		v0		v-		v+
N	1		-6.2099	0.52828		-1.640282986	-3.837283507	-5.477566493	
N	3		-0.8201	0.5134		-0.21051967	-0.509815165	-0.720334835	
N	4		-6.0035	0.49376		-1.48214408	-3.76155296	-5.24369704	
N	6		-0.928	0.46526		-0.21588064	-0.58805968	-0.80394032	
N	23		-0.928	0.46526		-0.21588064	-0.58805968	-0.80394032	
N	25		-6.0036	0.49369		-1.481958642	-3.761720679	-5.243679321	
N	26		-0.8204	0.51317		-0.210502334	-0.510048833	-0.720551167	
N	28		-6.2094	0.52833		-1.640306151	-3.8368969245	-5.4772030755	
N	37		-0.928	0.46526		-0.21588064	-0.58805968	-0.80394032	
N	39		-6.0035	0.49376		-1.48214408	-3.76155296	-5.24369704	
N	40		-0.8201	0.5134		-0.21051967	-0.509815165	-0.720334835	
N	42		-6.2099	0.52828		-1.640282986	-3.837283507	-5.477566493	
N	51		-0.928	0.46526		-0.21588064	-0.58805968	-0.80394032	
N	53		-6.0036	0.49369		-1.481958642	-3.761720679	-5.243679321	
N	54		-0.8204	0.51317		-0.210502334	-0.510048833	-0.720551167	
N	56		-6.2094	0.52833		-1.640306151	-3.8368969245	-5.4772030755	
