nucleus	site		Cq(mhz)	eta		v0		v-		v+
N	1		-6.1875	0.53135		-1.6438640625	-3.81869296875	-5.46255703125	
N	3		-0.8268	0.49433		-0.204356022	-0.517921989	-0.722278011	
N	4		-5.9832	0.49608		-1.484072928	-3.745363536	-5.229436464	
N	6		-0.9364	0.44932		-0.210371624	-0.597114188	-0.807485812	
N	23		-0.9366	0.44905		-0.210290115	-0.5973049425	-0.8075950575	
N	25		-5.9829	0.4961		-1.484058345	-3.7451458275	-5.2292041725	
N	26		-0.8267	0.4947		-0.204484245	-0.5177828775	-0.7222671225	
N	28		-6.1879	0.53128		-1.643753756	-3.819048122	-5.462801878	
N	37		-0.9364	0.44932		-0.210371624	-0.597114188	-0.807485812	
N	39		-5.9832	0.49608		-1.484072928	-3.745363536	-5.229436464	
N	40		-0.8268	0.49433		-0.204356022	-0.517921989	-0.722278011	
N	42		-6.1875	0.53135		-1.6438640625	-3.81869296875	-5.46255703125	
N	51		-0.9366	0.44905		-0.210290115	-0.5973049425	-0.8075950575	
N	53		-5.9829	0.4961		-1.484058345	-3.7451458275	-5.2292041725	
N	54		-0.8267	0.4947		-0.204484245	-0.5177828775	-0.7222671225	
N	56		-6.1879	0.53128		-1.643753756	-3.819048122	-5.462801878	
