nucleus	site		Cq(mhz)	eta		v0		v-		v+
N	1		-6.2091	0.52627		-1.6338315285	-3.83990923575	-5.47374076425	
N	3		-0.8196	0.51474		-0.210940452	-0.509229774	-0.720170226	
N	4		-6.0105	0.49393		-1.4843831325	-3.76568343375	-5.25006656625	
N	6		-0.9313	0.48457		-0.2256400205	-0.58565498975	-0.81129501025	
N	23		-0.9313	0.48451		-0.2256120815	-0.58566895925	-0.81128104075	
N	25		-6.0106	0.49393		-1.484407829	-3.7657460855	-5.2501539145	
N	26		-0.8194	0.51486		-0.210938142	-0.509080929	-0.720019071	
N	28		-6.2092	0.52625		-1.63379575	-3.840002125	-5.473797875	
N	37		-0.9313	0.48457		-0.2256400205	-0.58565498975	-0.81129501025	
N	39		-6.0105	0.49393		-1.4843831325	-3.76568343375	-5.25006656625	
N	40		-0.8196	0.51474		-0.210940452	-0.509229774	-0.720170226	
N	42		-6.2091	0.52627		-1.6338315285	-3.83990923575	-5.47374076425	
N	51		-0.9313	0.48451		-0.2256120815	-0.58566895925	-0.81128104075	
N	53		-6.0106	0.49393		-1.484407829	-3.7657460855	-5.2501539145	
N	54		-0.8194	0.51486		-0.210938142	-0.509080929	-0.720019071	
N	56		-6.2092	0.52625		-1.63379575	-3.840002125	-5.473797875	
