nucleus	site		Cq(mhz)	eta		v0		v-		v+
N	1		-6.2099	0.52909		-1.6427979955	-3.83602600225	-5.47882399775	
N	3		-0.8221	0.51616		-0.212167568	-0.510491216	-0.722658784	
N	4		-6.0017	0.49374		-1.481639679	-3.7604551605	-5.2420948395	
N	6		-0.93	0.46421		-0.21585765	-0.589571175	-0.805428825	
N	23		-0.9299	0.46431		-0.2158809345	-0.58948453275	-0.80536546725	
N	25		-6.002	0.49373		-1.48168373	-3.760658135	-5.242341865	
N	26		-0.8219	0.51625		-0.2121529375	-0.51034853125	-0.72250146875	
N	28		-6.2102	0.52907		-1.642815257	-3.8362423715	-5.4790576285	
N	37		-0.93	0.46421		-0.21585765	-0.589571175	-0.805428825	
N	39		-6.0017	0.49374		-1.481639679	-3.7604551605	-5.2420948395	
N	40		-0.8221	0.51616		-0.212167568	-0.510491216	-0.722658784	
N	42		-6.2099	0.52909		-1.6427979955	-3.83602600225	-5.47882399775	
N	51		-0.9299	0.46431		-0.2158809345	-0.58948453275	-0.80536546725	
N	53		-6.002	0.49373		-1.48168373	-3.760658135	-5.242341865	
N	54		-0.8219	0.51625		-0.2121529375	-0.51034853125	-0.72250146875	
N	56		-6.2102	0.52907		-1.642815257	-3.8362423715	-5.4790576285	
