nucleus	site		Cq(mhz)	eta		v0		v-		v+
N	1		-6.2011	0.53035		-1.6443766925	-3.82863665375	-5.47301334625	
N	3		-0.8241	0.50873		-0.2096221965	-0.51326390175	-0.72288609825	
N	4		-5.9916	0.49537		-1.484029446	-3.751685277	-5.235714723	
N	6		-0.9328	0.45712		-0.213200768	-0.592999616	-0.806200384	
N	23		-0.9334	0.45693		-0.213249231	-0.5934253845	-0.8066746155	
N	25		-5.9905	0.49527		-1.4834574675	-3.75114626625	-5.23460373375	
N	26		-0.8258	0.5076		-0.20958804	-0.51455598	-0.72414402	
N	28		-6.1986	0.53058		-1.644426594	-3.826736703	-5.471163297	
N	37		-0.9328	0.45712		-0.213200768	-0.592999616	-0.806200384	
N	39		-5.9916	0.49537		-1.484029446	-3.751685277	-5.235714723	
N	40		-0.8241	0.50873		-0.2096221965	-0.51326390175	-0.72288609825	
N	42		-6.2011	0.53035		-1.6443766925	-3.82863665375	-5.47301334625	
N	51		-0.9334	0.45693		-0.213249231	-0.5934253845	-0.8066746155	
N	53		-5.9905	0.49527		-1.4834574675	-3.75114626625	-5.23460373375	
N	54		-0.8258	0.5076		-0.20958804	-0.51455598	-0.72414402	
N	56		-6.1986	0.53058		-1.644426594	-3.826736703	-5.471163297	
