nucleus	site		Cq(mhz)	eta		v0		v-		v+
N	1		-6.1909	0.52763		-1.6332522835	-3.82654885825	-5.45980114175	
N	3		-0.8222	0.49325		-0.202775075	-0.5152624625	-0.7180375375	
N	4		-5.9916	0.49617		-1.486426086	-3.750486957	-5.236913043	
N	6		-0.9369	0.46777		-0.2191268565	-0.59311157175	-0.81223842825	
N	23		-0.937	0.46779		-0.219159615	-0.5931701925	-0.8123298075	
N	25		-5.9915	0.49615		-1.4863413625	-3.75045431875	-5.23679568125	
N	26		-0.8223	0.49308		-0.202729842	-0.515360079	-0.718089921	
N	28		-6.1905	0.52765		-1.6332086625	-3.82627066875	-5.45947933125	
N	37		-0.9369	0.46777		-0.2191268565	-0.59311157175	-0.81223842825	
N	39		-5.9916	0.49617		-1.486426086	-3.750486957	-5.236913043	
N	40		-0.8222	0.49325		-0.202775075	-0.5152624625	-0.7180375375	
N	42		-6.1909	0.52763		-1.6332522835	-3.82654885825	-5.45980114175	
N	51		-0.937	0.46779		-0.219159615	-0.5931701925	-0.8123298075	
N	53		-5.9915	0.49615		-1.4863413625	-3.75045431875	-5.23679568125	
N	54		-0.8223	0.49308		-0.202729842	-0.515360079	-0.718089921	
N	56		-6.1905	0.52765		-1.6332086625	-3.82627066875	-5.45947933125	
