nucleus	site		Cq(mhz)	eta		v0		v-		v+
N	1		-6.2103	0.52724		-1.637159286	-3.839145357	-5.476304643	
N	3		-0.8158	0.50544		-0.206168976	-0.508765512	-0.714934488	
N	4		-6.0241	0.4895		-1.474398475	-3.7808757625	-5.2552742375	
N	6		-0.9282	0.46526		-0.215927166	-0.588186417	-0.804113583	
N	23		-0.9285	0.46513		-0.2159366025	-0.58840669875	-0.80434330125	
N	25		-6.0235	0.48947		-1.4741612725	-3.78054436375	-5.25470563625	
N	26		-0.8165	0.50486		-0.206109095	-0.5093204525	-0.7154295475	
N	28		-6.2092	0.52733		-1.637148718	-3.838325641	-5.475474359	
N	37		-0.9282	0.46526		-0.215927166	-0.588186417	-0.804113583	
N	39		-6.0241	0.4895		-1.474398475	-3.7808757625	-5.2552742375	
N	40		-0.8158	0.50544		-0.206168976	-0.508765512	-0.714934488	
N	42		-6.2103	0.52724		-1.637159286	-3.839145357	-5.476304643	
N	51		-0.9285	0.46513		-0.2159366025	-0.58840669875	-0.80434330125	
N	53		-6.0235	0.48947		-1.4741612725	-3.78054436375	-5.25470563625	
N	54		-0.8165	0.50486		-0.206109095	-0.5093204525	-0.7154295475	
N	56		-6.2092	0.52733		-1.637148718	-3.838325641	-5.475474359	
